../../../.git/annex/objects/qJ/F4/MD5E-s2065616--78313c3e93f2bad3f133ed4b7a1299f4.tsv/MD5E-s2065616--78313c3e93f2bad3f133ed4b7a1299f4.tsv